%YAML:1.0
calibrationDate: "Sun Mar 15 17:38:57 2020\n"
cameraMatrix: !!opencv-matrix
   rows: 3
   cols: 3
   dt: d
   data: [ 7.7258928408746078e+02, 0., 6.3854806058431052e+02, 0.,
       7.7336968848494860e+02, 3.5541751263425243e+02, 0., 0., 1. ]
distCoeffs: !!opencv-matrix
   rows: 1
   cols: 5
   dt: d
   data: [ -1.6738272510374755e-01, 5.7243840815984282e-01,
       1.7568088855088250e-03, 3.9520476994549256e-03,
       -9.7472420241592295e-01 ]
